-0.881682617656
-0.881921497806
-0.881976419301
-0.882017847180
-0.881673633181
-0.881810974954
-0.881627802734
-0.881658387357
-0.881777417310
-0.880692372617
-0.881328529114
-0.880574094555
-0.881340672560
-0.880815170478
-0.880844046626
-0.881491173530
-0.881681225591
-0.880025350365
-0.881595444955
-0.880647657144
-0.880784048947
-0.881842296034
-0.881237611657
-0.880596983871
-0.881541786167
-0.880141841307
-0.881887178349
-0.880682119189
-0.880862376453
-0.881811017216
-0.880615669064
-0.881410306646
-0.881244618283
-0.879794078793
-0.881644427760
-0.881090370352
-0.881019135465
-0.880531930955
-0.880771126048
-0.881117569996
-0.881199880393
-0.880198589978
-0.881745731677
-0.880758953202
-0.880856907051
-0.881412675507
-0.880574742813
-0.881567944335
-0.881597953096
-0.880817370660
-0.881760417074
-0.879862127146
-0.880079851447
-0.881329795863
-0.881660139197
-0.879852671913
-0.880899040517
-0.878702179249
-0.881642826959
-0.879642466891
-0.880169494437
-0.881396298907
-0.881441057009
-0.880426668401
-0.880732961509
-0.881339656074
-0.880027512695
-0.880771481046
-0.880255029220
-0.881630167553
-0.880405686375
-0.880119915926
-0.881673031227
-0.879547187290
-0.880835145572
-0.880222464911
-0.881847887076
-0.880384845834
-0.881186665337
-0.881623532830
-0.881652197669
-0.881387302673
-0.881245812636
-0.881061105029
-0.881372416625
-0.881163746989
-0.881042808276
-0.880441788909
-0.881226533574
-0.881255084123
-0.880726975044
-0.881288825513
-0.881217387403
-0.881526387833
-0.881729015145
-0.881617196144
-0.881607520048
-0.881123389251
-0.881526527113
-0.881289704924
-0.881464334030
-0.881527553522
-0.881312420783
-0.880235297406
-0.881425587382
-0.880691909576
-0.881155400851
-0.880714969041
-0.879662641167
-0.880484153161
-0.880912692523
-0.881478447607
-0.881730482913
-0.881543323759
-0.881542765904
-0.881807394835
-0.881911592762
-0.882099525489
-0.881585935333
-0.881363661833
-0.881680460470
-0.881769287993
-0.880344781355
-0.881315480532
-0.879893831522
-0.881361781738
-0.880288773183
-0.880949621182
-0.881215778885
-0.880534028606
-0.881552956491
-0.880926609124
-0.880683101866
-0.881351150159
-0.880415337482
-0.881207518005
-0.881045141491
-0.881400476937
-0.880080512200
-0.881868727249
-0.880863331200
-0.880812339678
-0.881654713528
-0.880860163041
-0.880702975532
-0.881695367833
-0.881061727930
-0.881488109004
-0.881251698040
-0.881610950597
-0.880601972224
-0.881671648718
-0.880925572058
-0.879871278095
-0.881798894717
-0.879160273886
-0.880994588020
-0.880475986726
-0.880820674057
-0.881700315394
-0.880662044871
-0.880494024764
-0.880402631036
-0.880295494267
-0.879883832399
-0.881403212557
-0.881852306917
-0.880994382959
-0.880726861121
-0.880795617634
-0.881969026440
-0.880938582053
-0.881239038634
-0.880115593103
-0.880533388066
-0.880717841000
-0.881081314951
-0.880583799684
-0.881215021849
-0.881579116496
-0.880529277286
-0.881125427368
-0.881893220305
-0.881750274628
-0.879921419238
-0.881468786945
-0.880463076689
-0.879930559162
-0.879993985553
-0.881422577980
-0.881761061289
-0.881103601946
-0.880765039257
-0.880569493173
-0.880835314619
-0.881639315561
-0.880382898120
-0.880692936719
-0.880563923813
-0.880232427652
