-40.481324720000
-40.481441580000
-40.482007010000
-40.482345690000
-40.481991390000
-40.481439550000
-40.481220560000
-40.481193890000
-40.481070650000
-40.481017850000
-40.481460350000
-40.482337990000
-40.482840010000
-40.482446270000
-40.481668200000
-40.481138810000
-40.480840120000
-40.480625030000
-40.480763420000
-40.481563600000
-40.482630270000
-40.483043270000
-40.482548980000
-40.481786760000
-40.481246130000
-40.480811980000
-40.480436630000
-40.480501650000
-40.481285350000
-40.482360260000
-40.482914540000
-40.482714830000
-40.482198670000
-40.481646840000
-40.480975360000
-40.480378070000
-40.480417710000
-40.481271200000
-40.482285020000
-40.482685770000
-40.482485150000
-40.482158430000
-40.481769960000
-40.481154780000
-40.480618060000
-40.480702260000
-40.481387310000
-40.482027420000
-40.482157910000
-40.482023850000
-40.481986490000
-40.481890900000
-40.481468920000
-40.481030640000
-40.481113730000
-40.481639110000
-40.481969520000
-40.481811630000
-40.481584900000
-40.481647180000
-40.481675030000
-40.481397270000
-40.481243210000
-40.481617490000
-40.482151670000
-40.482189960000
-40.481693540000
-40.481244210000
-40.481193720000
-40.481277590000
-40.481282100000
-40.481486560000
-40.482053100000
-40.482529770000
-40.482382130000
-40.481699450000
-40.481100130000
-40.480918050000
-40.480876980000
-40.480894200000
-40.481350880000
-40.482213900000
-40.482809490000
-40.482662040000
-40.481992870000
-40.481336690000
-40.480894870000
-40.480602670000
-40.480648040000
-40.481293870000
-40.482236580000
-40.482795050000
-40.482657310000
-40.482102710000
-40.481551550000
-40.481072840000
-40.480583040000
-40.480453710000
-40.481080420000
-40.482026490000
-40.482542090000
-40.482479130000
-40.482200150000
-40.481897440000
-40.481390850000
-40.480753450000
-40.480610180000
-40.481230520000
-40.481992240000
-40.482248170000
-40.482063500000
-40.481871270000
-40.481826560000
-40.481600390000
-40.481110660000
-40.480974690000
-40.481487490000
-40.481982260000
-40.481904950000
-40.481563730000
-40.481522260000
-40.481744120000
-40.481691180000
-40.481358360000
-40.481417390000
-40.481945320000
-40.482197750000
-40.481821560000
-40.481250560000
-40.481059880000
-40.481263020000
-40.481387320000
-40.481382070000
-40.481782180000
-40.482488220000
-40.482650830000
-40.481973200000
-40.481092350000
-40.480728470000
-40.480882840000
-40.481086770000
-40.481370830000
-40.482099270000
-40.482845860000
-40.482819880000
-40.482023650000
-40.481146510000
-40.480725220000
-40.480676800000
-40.480699210000
-40.481003930000
-40.481916410000
-40.482885580000
-40.483056980000
-40.482375370000
-40.481492000000
-40.480922980000
-40.480627320000
-40.480487640000
-40.480883420000
-40.481951990000
-40.482865470000
-40.482874150000
-40.482208220000
-40.481548710000
-40.481185350000
-40.480895990000
-40.480639510000
-40.480887490000
-40.481729490000
-40.482433730000
-40.482449380000
-40.482024330000
-40.481683950000
-40.481546850000
-40.481299860000
-40.480965780000
-40.481101170000
-40.481760630000
-40.482197760000
-40.482016200000
-40.481610020000
-40.481467620000
-40.481539630000
-40.481476880000
-40.481377040000
-40.481638350000
-40.482060040000
-40.482061770000
-40.481578520000
-40.481112960000
-40.481102080000
-40.481440180000
-40.481696690000
-40.481831860000
-40.482108320000
-40.482324710000
-40.482036700000
-40.481338550000
-40.480799000000
-40.480788020000
-40.481104820000
-40.481444030000
-40.481917350000
-40.482532580000
-40.482761750000
-40.482290220000
-40.481428830000
-40.480736120000
-40.480557120000
-40.480817870000
-40.481295580000
-40.481962500000
-40.482655660000
-40.482872270000
-40.482388270000
-40.481531730000
-40.480842160000
-40.480582410000
-40.480631500000
-40.480954640000
-40.481711680000
-40.482556490000
-40.482830570000
-40.482446820000
-40.481778330000
-40.481178030000
-40.480812520000
-40.480722720000
-40.481003450000
-40.481683960000
-40.482332470000
-40.482479680000
-40.482166050000
-40.481714520000
-40.481371090000
-40.481167660000
-40.481027720000
-40.481141660000
-40.481650870000
-40.482072430000
-40.482014910000
-40.481763160000
-40.481623640000
-40.481553360000
-40.481429210000
-40.481336090000
-40.481550930000
-40.481981880000
-40.482062130000
-40.481663860000
-40.481259930000
-40.481167460000
-40.481310110000
-40.481490640000
-40.481676130000
-40.482049450000
-40.482443890000
-40.482229490000
-40.481428850000
-40.480819480000
-40.480814670000
-40.481142420000
-40.481455640000
-40.481806830000
-40.482389350000
-40.482804300000
-40.482403570000
-40.481427930000
-40.480707300000
-40.480569450000
-40.480769050000
-40.481086470000
-40.481632780000
-40.482498880000
-40.483137650000
-40.482803330000
-40.481714570000
-40.480791920000
-40.480487440000
-40.480598880000
-40.480924000000
-40.481587870000
-40.482548420000
-40.483106470000
-40.482676150000
-40.481704550000
-40.481006720000
-40.480762960000
-40.480710930000
-40.480818060000
-40.481335330000
-40.482202470000
-40.482765780000
-40.482537600000
-40.481869960000
-40.481376290000
-40.481132980000
-40.480954170000
-40.480946130000
-40.481399630000
-40.482123350000
-40.482423830000
-40.482045710000
-40.481547930000
-40.481399750000
-40.481409180000
-40.481329720000
-40.481355000000
-40.481699700000
-40.482069880000
-40.481967860000
-40.481462870000
-40.481166510000
-40.481360290000
-40.481672450000
-40.481750910000
-40.481786690000
-40.482008920000
-40.482136310000
-40.481740300000
-40.481040780000
-40.480751700000
-40.481077660000
-40.481521410000
-40.481806610000
-40.482146370000
-40.482530790000
-40.482492870000
-40.481783410000
-40.480852720000
-40.480447310000
-40.480771020000
-40.466946670000
-40.469371290000
-40.467829900000
-40.465637490000
-40.462910680000
-40.457560850000
-40.453012670000
-40.452843430000
-40.455814290000
-40.459495250000
-40.463840160000
-40.466908470000
-40.469186700000
-40.467608090000
-40.460875180000
-40.454878280000
-40.454421210000
-40.457816270000
-40.459262600000
-40.459777470000
-40.463062030000
-40.466213860000
-40.466419500000
-40.462765070000
-40.458039020000
-40.456978610000
-40.459782330000
-40.460356750000
-40.457842130000
-40.458459270000
-40.462529240000
-40.464954920000
-40.463604400000
-40.460709900000
-40.459296940000
-40.461074190000
-40.462003790000
-40.459588730000
-40.459017240000
-40.460390480000
-40.460436310000
-40.460481740000
-40.459824890000
-40.458399090000
-40.460253170000
-40.463580660000
-40.464010290000
-40.463288380000
-40.462383090000
-40.458701980000
-40.456086800000
-40.458059910000
-40.459606610000
-40.460770200000
-40.462388370000
-40.463720800000
-40.466387150000
-40.467130530000
-40.460363250000
-40.453309540000
-40.454597110000
-40.456759720000
-40.457400980000
-40.459222400000
-40.462756370000
-40.468260470000
-40.471692850000
-40.465970630000
-40.455466380000
-40.453503620000
-40.456317770000
-40.457520130000
-40.458147150000
-40.460220540000
-40.465774730000
-40.471893400000
-40.469427960000
-40.458559030000
-40.454181280000
-40.456651770000
-40.457632360000
-40.457422100000
-40.458063940000
-40.462002670000
-40.467765660000
-40.467108650000
-40.459550380000
-40.458079080000
-40.461468850000
-40.461887400000
-40.460150440000
-40.458260740000
-40.458342350000
-40.461847040000
-40.463871740000
-40.458908760000
-40.457217160000
-40.463115400000
-40.465859130000
-40.464626820000
-40.462191760000
-40.459992070000
-40.459427500000
-40.457799960000
-40.452235770000
-40.454643000000
-40.465513020000
-40.470095390000
-40.468211660000
-40.464272410000
-40.460378520000
-40.458198410000
-40.456660120000
-40.450889960000
-40.447880560000
-40.459669060000
-40.470973480000
-40.471990050000
-40.467853980000
-40.463483840000
-40.461005330000
-40.459093550000
-40.452529130000
-40.446598950000
-40.456061520000
-40.468669200000
-40.470907260000
-40.465983650000
-40.460864350000
-40.460229810000
-40.462757730000
-40.460418730000
-40.450961160000
-40.450588700000
-40.462352840000
-40.468627710000
-40.465597210000
-40.460383870000
-40.459013550000
-40.462195220000
-40.464294370000
-40.460084120000
-40.456329670000
-40.460227170000
-40.464727890000
-40.462311770000
-40.456385160000
-40.454788940000
-40.459511920000
-40.464988130000
-40.465387280000
-40.463403930000
-40.464174660000
-40.464985380000
-40.460789340000
-40.453824490000
-40.450655660000
-40.454721810000
-40.462756370000
-40.468566050000
-40.469612590000
-40.467632940000
-40.465936200000
-40.461928520000
-40.454544200000
-40.449476210000
-40.450468420000
-40.455054150000
-40.460944950000
-40.468170180000
-40.472444520000
-40.472150110000
-40.467092690000
-40.458682290000
-40.451538470000
-40.449732400000
-40.452448640000
-40.457898130000
-40.465734580000
-40.470213270000
-40.471516310000
-40.469096180000
-40.461439190000
-40.454179970000
-40.452419930000
-40.453364660000
-40.453540840000
-40.458626830000
-40.465412730000
-40.469340890000
-40.468989930000
-40.463526250000
-40.457464230000
-40.456242820000
-40.458617610000
-40.458660330000
-40.458841930000
-40.460245790000
-40.462571590000
-40.466622380000
-40.464727740000
-40.458639370000
-40.456539790000
-40.459865270000
-40.462769620000
-40.464311560000
-40.462433030000
-40.456874470000
-40.458254500000
-40.459586250000
-40.456507610000
-40.455705940000
-40.460590130000
-40.467318250000
-40.472581970000
-40.470258320000
-40.457857850000
-40.452334050000
-40.454422180000
-40.454555330000
-40.454758570000
-40.458864800000
-40.466033110000
-40.475035850000
-40.477438400000
-40.464700900000
-40.451847590000
-40.449583680000
-40.450483250000
-40.451528010000
-40.454767240000
-40.461757530000
-40.474118480000
-40.481590560000
-40.471690930000
-40.456773860000
-40.451017850000
-40.450190180000
-40.450489500000
-40.452806780000
-40.458469970000
-40.470383050000
-40.479531320000
-40.473151710000
-40.460796150000
-40.454263130000
-40.452519780000
-40.453152930000
-40.454798940000
-40.456484520000
-40.462986340000
-40.471939430000
-40.469747520000
-40.459922840000
-40.456178980000
-40.457993830000
-40.459424450000
-40.459743400000
-40.459383200000
-40.461664390000
-40.466505270000
-40.463742610000
-40.455862100000
-40.454903330000
-40.459671040000
-40.463889700000
-40.466106680000
-40.465995590000
-40.464101380000
-40.462428090000
-40.458010320000
-40.449706590000
-40.448048460000
-40.456649340000
-40.465318400000
-40.469241710000
-40.470214150000
-40.469969120000
-40.467375210000
-40.459006370000
-40.447070650000
-40.442454050000
-40.450826600000
-40.464561370000
-40.473343690000
-40.474872290000
-40.471985220000
-40.466902260000
-40.459612640000
-40.450158650000
-40.442870490000
-40.445615000000
-40.457842700000
-40.467927950000
-40.471746700000
-40.471884110000
-40.469554210000
-40.464328050000
-40.456198030000
-40.449152360000
-40.447979940000
-40.454205070000
-40.464373100000
-40.471223660000
-40.471198100000
-40.466464210000
-40.460883850000
-40.456456430000
-40.454456980000
-40.454410810000
-40.456214870000
-40.460447110000
-40.465370380000
-40.467501130000
-40.463804930000
-40.458497060000
-40.455819280000
-40.456601640000
-40.460505390000
-40.464343330000
-40.464895020000
-40.465303510000
-40.465047080000
-40.459804780000
-40.454075710000
-40.452557660000
-40.455846930000
-40.462371360000
-40.468115010000
-40.468932920000
-40.466279260000
-40.464449140000
-40.459326720000
-40.454929580000
-40.460722250000
-40.469342020000
-40.460633800000
-40.435350010000
-40.419777770000
-40.430589870000
-40.449979650000
-40.459448410000
-40.459205540000
-40.459463920000
-40.463610030000
-40.459817090000
-40.441649490000
-40.423814440000
-40.427980800000
-40.446631530000
-40.457160960000
-40.458429470000
-40.459065770000
-40.462883080000
-40.459984500000
-40.445130370000
-40.428273780000
-40.427302190000
-40.444938230000
-40.460390690000
-40.462842170000
-40.457680690000
-40.455472810000
-40.453596480000
-40.444814970000
-40.432985440000
-40.431150520000
-40.445237070000
-40.459421120000
-40.464311480000
-40.459888780000
-40.453178650000
-40.449131190000
-40.442004940000
-40.434194880000
-40.432204800000
-40.445199900000
-40.464788770000
-40.472450570000
-40.463142900000
-40.449120620000
-40.441589870000
-40.436674740000
-40.432725280000
-40.433287850000
-40.445944240000
-40.463518780000
-40.473566590000
-40.470172250000
-40.453657540000
-40.438942780000
-40.431682050000
-40.430449370000
-40.433500710000
-40.444169600000
-40.463351710000
-40.477144190000
-40.473157060000
-40.455803950000
-40.439677280000
-40.430278020000
-40.427621350000
-40.430740100000
-40.443263730000
-40.461920750000
-40.473338040000
-40.475291270000
-40.462562460000
-40.442838480000
-40.429276720000
-40.427060310000
-40.433543170000
-40.446277420000
-40.460397410000
-40.466062810000
-40.467536140000
-40.460790370000
-40.446462660000
-40.434045960000
-40.429790620000
-40.433873490000
-40.447028440000
-40.463459110000
-40.464494230000
-40.459213490000
-40.458303250000
-40.448272160000
-40.435804120000
-40.432026290000
-40.438249660000
-40.452962890000
-40.468406350000
-40.463900770000
-40.446560450000
-40.447078310000
-40.448460400000
-40.440656950000
-40.434900710000
-40.438308080000
-40.453808050000
-40.471989860000
-40.468902440000
-40.445637700000
-40.439071090000
-40.443737970000
-40.440993800000
-40.437812430000
-40.441468950000
-40.455835680000
-40.473433740000
-40.472957560000
-40.446542120000
-40.429382790000
-40.439046700000
-40.443973830000
-40.439922980000
-40.439350190000
-40.453307410000
-40.474054070000
-40.475716370000
-40.450338020000
-40.429361460000
-40.435642970000
-40.443795120000
-40.443489900000
-40.441183110000
-40.449870940000
-40.469578270000
-40.475343900000
-40.455321050000
-40.428637110000
-40.430373660000
-40.444425390000
-40.446616630000
-40.442694090000
-40.446729200000
-40.466364560000
-40.476179930000
-40.458138580000
-40.430931880000
-40.428501050000
-40.442689910000
-40.450056070000
-40.448842050000
-40.445668060000
-40.458053130000
-40.472668310000
-40.461950180000
-40.434817360000
-40.424385210000
-40.439025250000
-40.450218610000
-40.451083800000
-40.449710000000
-40.455210610000
-40.469576930000
-40.464198730000
-40.439603280000
-40.425059580000
-40.434269160000
-40.447728750000
-40.454537210000
-40.455650300000
-40.452107910000
-40.463187020000
-40.466469950000
-40.446230600000
-40.425759080000
-40.429190760000
-40.443817840000
-40.452270210000
-40.457498900000
-40.455744390000
-40.460219440000
-40.465695810000
-40.451409740000
-40.431790380000
-40.427352100000
-40.437121100000
-40.449297820000
-40.461270980000
-40.460324340000
-40.453832590000
-40.462315510000
-40.457288380000
-40.438275340000
-40.428279920000
-40.434128410000
-40.444367890000
-40.457927060000
-40.462923440000
-40.454747530000
-40.458879490000
-40.458369610000
-40.444701250000
-40.432652020000
-40.431307860000
-40.440435750000
-40.457548450000
-40.466874660000
-40.454694100000
-40.448700720000
-40.455953000000
-40.450050780000
-40.438708650000
-40.434610960000
-40.438075340000
-40.452236860000
-40.466942980000
-40.460282810000
-40.447309960000
-40.450433810000
-40.449685320000
-40.442279740000
-40.437018540000
-40.440278020000
-40.454571510000
-40.466722080000
-40.461584360000
-40.444105340000
-40.441340540000
-40.446730670000
-40.444556410000
-40.441413920000
-40.441610360000
-40.450412550000
-40.465317450000
-40.466854540000
-40.451061410000
-40.439076860000
-40.440282260000
-40.442257780000
-40.442737420000
-40.445213660000
-40.455630170000
-40.466610810000
-40.464531290000
-40.450756670000
-40.438427010000
-40.436830090000
-40.438871390000
-40.441933510000
-40.446769610000
-40.454093400000
-40.465358340000
-40.467160880000
-40.455125700000
-40.441074850000
-40.435373400000
-40.437276610000
-40.443287770000
-40.448638300000
-40.453202540000
-40.463087460000
-40.464891580000
-40.454609040000
-40.443326610000
-40.437037560000
-40.435712900000
-40.440704030000
-40.449563330000
-40.455979920000
-40.463347360000
-40.465179540000
-40.454398480000
-40.441746490000
-40.435019100000
-40.435790220000
-40.444736380000
-40.456158310000
-40.457235190000
-40.454274580000
-40.457958310000
-40.454953830000
-40.446729720000
-40.438019470000
-40.433442530000
-40.440587880000
-40.455893380000
-40.461956390000
-40.457701730000
-40.457739990000
-40.454099460000
-40.445680860000
-40.436546400000
-40.431577700000
-40.438834630000
-40.457039270000
-40.468071550000
-40.457853090000
-40.446546180000
-40.449859530000
-40.451575290000
-40.444201190000
-40.433048010000
-40.433245640000
-40.453784840000
-40.470845880000
-40.461236160000
-40.446179620000
-40.447926960000
-40.451319540000
-40.446875730000
-40.436549580000
-40.431282980000
-40.446072830000
-40.467130650000
-40.467695520000
-40.446203800000
-40.438305700000
-40.449625560000
-40.453014490000
-40.443561800000
-40.433033650000
-40.441543660000
-40.466513420000
-40.471382810000
-40.449242090000
-40.437581960000
-40.445068340000
-40.451518240000
-40.447736890000
-40.437061220000
-40.437022920000
-40.457568630000
-40.470517490000
-40.458505900000
